-----------------------------------
Config:
	Run:T1.exe
	Dimension:	5
	Precizion:	5
	Function:	4
	Method:	1
Date:	Thu Oct 28 22:28:47 2021

Duration:	44.9958s
Mean:	-3.65305
Deviation	0.468381
Count:	30
Max:	-2.61215
Min:	-4.68146
Mean Time:	1.49884 s
Rec:	
	value	time (s)
	-3.77109	2.59937
	-2.98435	1.56567
	-3.63367	1.53831
	-3.56205	1.52475
	-3.05641	1.5435
	-3.42485	1.48136
	-4.68146	1.43506
	-4.03119	1.48017
	-3.88971	1.49377
	-4.21013	1.44006
	-3.33322	1.42422
	-3.90083	1.52094
	-3.25098	1.51253
	-3.59519	1.40005
	-4.13939	1.37779
	-3.74175	1.44705
	-4.53317	1.46123
	-3.95359	1.45814
	-4.03732	1.45957
	-2.78407	1.38464
	-3.33322	1.45532
	-2.88073	1.47439
	-4.13494	1.43198
	-3.13327	1.46367
	-2.87634	1.48444
	-2.61215	1.39312
	-3.55739	1.40059
	-4.47295	1.42213
	-3.40519	1.49289
	-4.67086	1.39858
-----------------------------------
-----------------------------------
Config:
	Run:T1.exe
	Dimension:	10
	Precizion:	5
	Function:	4
	Method:	1
Date:	Thu Oct 28 22:31:21 2021

Duration:	153.675s
Mean:	-7.24433
Deviation	0.559383
Count:	30
Max:	-5.73531
Min:	-8.5564
Mean Time:	5.12104 s
Rec:	
	value	time (s)
	-5.73531	6.35905
	-7.93167	4.5557
	-7.19132	4.57555
	-7.20734	4.4807
	-8.5564	4.56653
	-7.07534	4.66228
	-8.00305	4.50249
	-6.34053	4.55163
	-7.84971	4.58785
	-8.09495	4.65626
	-8.12682	4.67791
	-8.19831	5.34044
	-6.7411	5.70952
	-7.04512	5.40704
	-8.45323	5.61404
	-7.15664	5.84891
	-6.52401	6.55466
	-7.83761	5.47881
	-7.04442	4.82173
	-6.67048	4.56588
	-7.45286	5.88044
	-7.5738	5.47703
	-6.25039	6.25085
	-6.94503	5.80528
	-7.10875	5.30267
	-5.95266	4.94281
	-6.96933	4.88656
	-7.14849	4.47513
	-6.98042	4.56972
	-7.16492	4.52373
-----------------------------------
-----------------------------------
Config:
	Run:T1.exe
	Dimension:	30
	Precizion:	5
	Function:	4
	Method:	1
Date:	Thu Oct 28 22:48:27 2021

Duration:	1026.2s
Mean:	-22.1101
Deviation	1.06936
Count:	30
Max:	-20.2431
Min:	-25.7954
Mean Time:	34.2042 s
Rec:	
	value	time (s)
	-23.1502	38.4345
	-21.5227	31.5751
	-22.0149	32.3993
	-22.0485	36.9288
	-21.9583	50.0013
	-20.7514	37.0076
	-20.4468	32.0575
	-20.2431	33.2001
	-22.6518	33.2273
	-23.5295	32.7217
	-21.3255	32.9967
	-25.7954	31.9358
	-21.1759	30.9935
	-24.5755	32.3185
	-21.512	31.805
	-22.2713	32.7139
	-21.9263	34.9212
	-21.5344	31.6343
	-21.0991	33.2758
	-22.4987	33.4068
	-22.7183	36.3341
	-20.5819	32.1097
	-23.5422	34.5159
	-22.2746	31.7072
	-20.488	39.009
	-23.716	34.9558
	-20.5415	32.3711
	-24.6378	33.3484
	-21.571	32.877
	-21.1998	35.3426
-----------------------------------
