-----------------------------------
Config:
	Run:T1.exe
	Dimension:	5
	Precizion:	5
	Function:	4
	Method:	3
Date:	Thu Oct 28 23:05:37 2021

Duration:	15.5727s
Mean:	-4.33238
Deviation	0.223948
Count:	30
Max:	-3.29406
Min:	-4.68589
Mean Time:	0.517453 s
Rec:	
	value	time (s)
	-4.53699	0.85052
	-4.16985	0.610944
	-4.21132	0.511078
	-4.68589	0.511309
	-4.6451	0.506262
	-4.05252	0.537907
	-4.19278	0.504288
	-4.62713	0.502064
	-4.02758	0.499034
	-4.50066	0.498679
	-3.87267	0.50632
	-4.43874	0.506973
	-4.35584	0.500846
	-4.50781	0.515736
	-4.04733	0.493892
	-4.41823	0.494304
	-4.19985	0.495281
	-4.49085	0.508971
	-4.44825	0.493796
	-3.29406	0.498631
	-4.18949	0.503449
	-4.52423	0.495843
	-4.35884	0.500558
	-4.64577	0.495244
	-4.52036	0.497575
	-4.46681	0.502843
	-4.3569	0.497025
	-4.64414	0.493285
	-4.50182	0.499547
	-4.03946	0.49138
-----------------------------------
-----------------------------------
Config:
	Run:T1.exe
	Dimension:	10
	Precizion:	5
	Function:	4
	Method:	3
Date:	Thu Oct 28 23:06:02 2021

Duration:	24.9696s
Mean:	-8.83609
Deviation	0.296557
Count:	30
Max:	-8.29568
Min:	-9.45577
Mean Time:	0.830978 s
Rec:	
	value	time (s)
	-9.01372	1.111
	-8.63517	0.811181
	-8.29568	0.813719
	-8.79728	0.812963
	-9.13803	0.816776
	-9.19098	0.818281
	-8.30557	0.811374
	-8.72025	0.853301
	-9.29276	0.82807
	-9.04332	0.810435
	-8.59479	0.806235
	-8.50994	0.809138
	-9.37233	0.803279
	-8.56906	0.836192
	-8.92631	0.81856
	-8.85508	0.817811
	-8.53899	0.830452
	-9.45577	0.845642
	-9.30221	0.810674
	-8.76079	0.830624
	-9.12881	0.813689
	-9.04492	0.832408
	-8.69483	0.818054
	-8.30898	0.823363
	-8.45681	0.811743
	-8.39564	0.811234
	-9.10762	0.821432
	-8.77085	0.858205
	-9.28179	0.819234
	-8.57448	0.824279
-----------------------------------
-----------------------------------
Config:
	Run:T1.exe
	Dimension:	30
	Precizion:	5
	Function:	4
	Method:	3
Date:	Thu Oct 28 23:06:52 2021

Duration:	50.1322s
Mean:	-27.1112
Deviation	0.447522
Count:	30
Max:	-26.0176
Min:	-28.1536
Mean Time:	1.66971 s
Rec:	
	value	time (s)
	-28.1536	1.96912
	-26.5848	1.62409
	-27.216	1.6121
	-27.4399	1.61473
	-27.0259	1.61084
	-26.8498	1.61051
	-26.9034	1.62156
	-27.7677	1.73046
	-26.0176	1.64078
	-26.2138	1.68739
	-27.1315	1.60542
	-26.9602	1.61917
	-27.3559	1.70557
	-27.3446	1.63732
	-27.7622	1.70254
	-26.2487	1.6506
	-27.2156	1.6274
	-27.2283	1.62506
	-26.7658	1.61732
	-27.7388	1.6188
	-26.475	1.63696
	-26.7343	2.04293
	-27.7687	1.74487
	-27.8508	1.65936
	-26.9399	1.74476
	-27.4758	1.62854
	-26.8313	1.63415
	-27.9311	1.62031
	-26.6078	1.60141
	-26.7966	1.64728
-----------------------------------
