-----------------------------------
Config:
	Run:T1.exe
	Dimension:	5
	Precizion:	5
	Function:	2
	Method:	1
Date:	Thu Oct 28 22:28:49 2021

Duration:	46.8394s
Mean:	-1562.67
Deviation	149.814
Count:	30
Max:	-1121.92
Min:	-1861.19
Mean Time:	1.56031 s
Rec:	
	value	time (s)
	-1731.45	3.04438
	-1475.94	1.60084
	-1368.88	1.61586
	-1465.66	1.5743
	-1480.27	1.58321
	-1587.85	1.51859
	-1578.28	1.46473
	-1861.19	1.50973
	-1505.42	1.39006
	-1507.94	1.56833
	-1352.99	1.43014
	-1372.79	1.5136
	-1705.25	1.50411
	-1703.25	1.51347
	-1819.19	1.4462
	-1121.92	1.56398
	-1550.79	1.4887
	-1392.21	1.50887
	-1389.6	1.3965
	-1661.26	1.48874
	-1726.22	1.4863
	-1265.52	1.49258
	-1811.12	1.55203
	-1823.69	1.49222
	-1789.56	1.50224
	-1688.65	1.5253
	-1623.17	1.48674
	-1488.83	1.43846
	-1577.06	1.54346
	-1454	1.56568
-----------------------------------
-----------------------------------
Config:
	Run:T1.exe
	Dimension:	10
	Precizion:	5
	Function:	2
	Method:	1
Date:	Thu Oct 28 22:31:20 2021

Duration:	150.502s
Mean:	-3203.78
Deviation	206.167
Count:	30
Max:	-2711.55
Min:	-3786.61
Mean Time:	5.01522 s
Rec:	
	value	time (s)
	-3227.42	7.01654
	-3169.19	4.33086
	-3292.79	4.21441
	-2963.45	4.42836
	-3786.61	4.48639
	-3092.58	4.47482
	-3474.8	4.35112
	-2861.99	4.30947
	-3191.4	4.33302
	-3463.84	4.44541
	-2711.55	4.60794
	-2991.95	5.54608
	-3189.37	5.49389
	-3077.55	5.38965
	-3550.22	5.36895
	-2855.32	5.85557
	-3046.77	6.49087
	-3303.97	5.44804
	-3372.98	4.50622
	-3405.91	4.44589
	-3055.91	5.80693
	-3153.74	5.56205
	-3451.82	6.13771
	-3438.62	5.71577
	-2723.59	5.25497
	-3104.36	4.63358
	-3538.13	4.8006
	-2979.23	4.28516
	-3353.66	4.31232
	-3284.65	4.40404
-----------------------------------
-----------------------------------
Config:
	Run:T1.exe
	Dimension:	30
	Precizion:	5
	Function:	2
	Method:	1
Date:	Thu Oct 28 22:44:59 2021

Duration:	819.08s
Mean:	-9430.1
Deviation	345.512
Count:	30
Max:	-8460.8
Min:	-10652.3
Mean Time:	27.3013 s
Rec:	
	value	time (s)
	-9053.04	33.9785
	-9890.11	25.4335
	-8953.96	25.4919
	-9793.31	25.26
	-9321.24	32.0903
	-10652.3	43.9769
	-9559.38	32.8353
	-9452.85	25.5005
	-9048.32	25.2878
	-8973.07	26.4857
	-9905.2	26.2448
	-9147.68	25.7939
	-9587.74	26.4228
	-8769.4	25.6216
	-9444.99	24.8479
	-9583.06	24.1505
	-9714.98	25.6945
	-9703.22	24.4389
	-9528.8	25.5736
	-9479.13	25.391
	-9382.72	28.9937
	-9014.13	24.8593
	-9300.03	28.1526
	-8638.8	25.3538
	-9369.36	26.3124
	-9719.92	29.4389
	-10047.4	27.762
	-10001.9	27.0767
	-8460.8	25.582
	-9406.16	24.9866
-----------------------------------
