-----------------------------------
Config:
	Run:T1.exe
	Dimension:	5
	Precizion:	5
	Function:	2
	Method:	3
Date:	Thu Oct 28 22:59:59 2021

Duration:	12.745s
Mean:	-1978.88
Deviation	87.7282
Count:	30
Max:	-1691.27
Min:	-2094.91
Mean Time:	0.423598 s
Rec:	
	value	time (s)
	-1929.45	0.802031
	-2094.71	0.431547
	-2094.71	0.408455
	-1976.16	0.435906
	-2060.47	0.419573
	-2094.71	0.389755
	-2033.69	0.400462
	-1963.58	0.421843
	-1963.58	0.427297
	-1860.64	0.429625
	-2094.71	0.406482
	-1963.58	0.438796
	-2094.71	0.397479
	-1845.45	0.414487
	-1963.58	0.406099
	-1942.14	0.416225
	-2094.81	0.393313
	-2094.71	0.422167
	-1976.48	0.415899
	-1929.35	0.399327
	-2067.93	0.41987
	-1742.1	0.395406
	-1976.26	0.404823
	-1691.27	0.408821
	-2060.58	0.391253
	-1895.32	0.445195
	-2094.91	0.395369
	-1742.31	0.398525
	-2060.68	0.390033
	-1963.69	0.381874
-----------------------------------
-----------------------------------
Config:
	Run:T1.exe
	Dimension:	10
	Precizion:	5
	Function:	2
	Method:	3
Date:	Thu Oct 28 23:00:16 2021

Duration:	16.8514s
Mean:	-4029.86
Deviation	109.395
Count:	30
Max:	-3452.42
Min:	-4189.72
Mean Time:	0.5605 s
Rec:	
	value	time (s)
	-3940.16	0.891656
	-4155.07	0.51184
	-4189.52	0.526723
	-4036.74	0.547879
	-4189.41	0.545348
	-4002.39	0.550808
	-3893.14	0.52795
	-4189.72	0.530575
	-4189.41	0.553484
	-3905.82	0.546579
	-4071.18	0.579721
	-3452.42	0.526624
	-4036.63	0.567831
	-4031.61	0.525853
	-4121.25	0.563656
	-4071.07	0.548347
	-4071.08	0.522192
	-4024.57	0.599581
	-4058.39	0.569861
	-3916.89	0.553776
	-3859.11	0.549463
	-3954.83	0.558228
	-4155.28	0.536688
	-4121.15	0.532544
	-3820.1	0.537195
	-4071.18	0.565526
	-4189.1	0.544347
	-4070.98	0.612684
	-3918.12	0.573099
	-4189.52	0.51494
-----------------------------------
-----------------------------------
Config:
	Run:T1.exe
	Dimension:	30
	Precizion:	5
	Function:	2
	Method:	3
Date:	Thu Oct 28 23:00:45 2021

Duration:	28.7201s
Mean:	-11911.5
Deviation	171.399
Count:	30
Max:	-11409.1
Min:	-12415.8
Mean Time:	0.956111 s
Rec:	
	value	time (s)
	-11840.7	1.28605
	-11945.2	0.943524
	-12262.8	0.927166
	-11733.5	0.907482
	-11870	0.959014
	-11841.4	0.932155
	-12415.8	0.916339
	-11851.6	0.938047
	-11991.9	0.939856
	-11661	0.951792
	-12028.3	0.940403
	-11744.9	0.925982
	-11915.3	0.962671
	-11476.2	0.943597
	-12042.4	0.955685
	-11409.1	0.94808
	-11891.3	0.943845
	-11690.4	0.963733
	-11944.5	0.948847
	-11876.3	0.955984
	-11779.1	0.968491
	-11945.6	0.923033
	-11636.1	0.929257
	-11997.7	0.979473
	-12063.5	0.926635
	-12094.8	0.942625
	-12263	0.912119
	-12060.4	0.998325
	-11799.9	0.995405
	-12272.6	0.917707
-----------------------------------
