-----------------------------------
Config:
	Run:T1.exe
	Dimension:	5
	Precizion:	5
	Function:	4
	Method:	2
Date:	Thu Oct 28 22:49:15 2021

Duration:	47.5452s
Mean:	-3.94175
Deviation	0.344601
Count:	30
Max:	-3.1655
Min:	-4.52098
Mean Time:	1.58361 s
Rec:	
	value	time (s)
	-4.0378	2.46331
	-4.19509	1.44978
	-3.71954	1.43148
	-4.05429	1.62397
	-3.84805	1.56829
	-4.50822	1.55122
	-4.2146	1.53701
	-4.22529	1.50313
	-4.03949	1.42884
	-3.55935	1.50504
	-3.1655	1.45103
	-4.4661	1.46732
	-3.82544	1.47753
	-3.40493	1.78748
	-4.18839	1.73121
	-4.39569	1.82357
	-4.4909	1.9217
	-3.59791	1.70171
	-4.03697	1.71946
	-3.86279	2.05888
	-3.33107	1.69181
	-4.22529	1.40118
	-4.45238	1.4588
	-4.52098	1.46134
	-4.18555	1.4708
	-3.43443	1.34524
	-3.65006	1.30809
	-3.42236	1.33372
	-3.71728	1.38184
	-3.47677	1.45362
-----------------------------------
-----------------------------------
Config:
	Run:T1.exe
	Dimension:	10
	Precizion:	5
	Function:	4
	Method:	2
Date:	Thu Oct 28 22:51:33 2021

Duration:	137.756s
Mean:	-7.89886
Deviation	0.490206
Count:	30
Max:	-6.66312
Min:	-9.07795
Mean Time:	4.59057 s
Rec:	
	value	time (s)
	-7.37055	7.83994
	-7.92507	5.61198
	-7.03766	5.33257
	-8.30591	4.32387
	-7.95562	4.24856
	-7.83461	4.11002
	-7.26744	4.56937
	-8.13189	4.53323
	-8.11979	4.56657
	-7.8667	4.20503
	-9.07795	4.17325
	-8.57017	4.29032
	-8.45353	4.24943
	-7.7736	4.35088
	-8.56477	4.71295
	-7.83009	4.3207
	-7.50056	4.24614
	-7.54592	4.14462
	-8.0745	4.52139
	-6.66312	4.69518
	-6.82809	4.42848
	-7.48508	4.59776
	-8.42245	4.64677
	-8.26223	4.5291
	-8.13378	4.53662
	-7.11982	4.51466
	-8.93883	4.47314
	-8.51339	4.30111
	-8.28493	4.32268
	-7.10767	4.32086
-----------------------------------
-----------------------------------
Config:
	Run:T1.exe
	Dimension:	30
	Precizion:	5
	Function:	4
	Method:	2
Date:	Thu Oct 28 23:05:21 2021

Duration:	828.406s
Mean:	-24.1267
Deviation	0.962128
Count:	30
Max:	-21.4546
Min:	-26.2122
Mean Time:	27.6122 s
Rec:	
	value	time (s)
	-24.8165	38.5321
	-21.9431	27.3681
	-23.485	27.3525
	-22.4843	28.8053
	-25.5681	29.1211
	-22.2437	26.9782
	-23.2876	26.9765
	-24.6517	27.9029
	-25.1398	28.0622
	-25.8538	28.4594
	-23.5816	28.3595
	-23.862	28.379
	-21.4546	27.3002
	-24.4584	27.448
	-23.7627	27.3615
	-24.8505	27.3753
	-24.2038	27.8151
	-23.327	29.3859
	-24.2051	27.1349
	-23.6621	26.6092
	-25.2281	25.8914
	-24.3203	26.2711
	-25.452	26.0624
	-24.3928	25.9551
	-26.2122	25.9742
	-23.0679	26.3751
	-25.8604	26.2551
	-24.4695	26.2692
	-23.0536	25.939
	-24.9029	26.6467
-----------------------------------
