-----------------------------------
Config:
	Run:T1.exe
	Dimension:	5
	Precizion:	5
	Function:	3
	Method:	1
Date:	Thu Oct 28 22:28:36 2021

Duration:	33.504s
Mean:	12.1827
Deviation	4.26133
Count:	30
Max:	29.2761
Min:	3.70747
Mean Time:	1.11579 s
Rec:	
	value	time (s)
	11.4667	2.31152
	14.7702	1.16295
	9.90326	1.12083
	22.974	1.13034
	11.6873	1.10397
	11.134	1.07417
	11.3951	1.20369
	14.1753	1.00281
	3.70747	1.01798
	14.1593	0.99555
	9.86671	1.12601
	3.70747	0.980322
	12.3699	1.09685
	17.2205	1.10288
	5.00004	1.09873
	14.9134	1.09039
	19.908	1.17445
	9.21568	1.0525
	17.8065	1.02013
	12.1593	1.04011
	17.164	1.06571
	6.15924	1.08545
	3.70747	1.03264
	6.96471	0.992374
	11.4465	1.11739
	11.4465	1.05693
	8.95462	1.03022
	7.44644	1.10288
	29.2761	1.0204
	15.3749	1.06359
-----------------------------------
-----------------------------------
Config:
	Run:T1.exe
	Dimension:	10
	Precizion:	5
	Function:	3
	Method:	1
Date:	Thu Oct 28 22:30:20 2021

Duration:	104.237s
Mean:	24.8091
Deviation	6.118
Count:	30
Max:	46.9703
Min:	12.1174
Mean Time:	3.47347 s
Rec:	
	value	time (s)
	46.9703	5.13602
	39.992	2.96064
	20.9598	2.9678
	18.4061	3.04784
	23.3949	4.84395
	33.0121	3.15922
	15.3648	3.04062
	21.3245	2.93977
	12.1174	3.06698
	33.888	2.9824
	28.6417	3.19771
	29.2328	3.17257
	16.4213	2.98793
	26.5223	3.05571
	22.8214	2.98994
	25.3135	2.89568
	20.5906	2.95343
	14.8929	3.00885
	23.1341	2.96071
	23.4062	3.15069
	26.3999	3.4232
	37.2417	4.3031
	22.8929	3.80263
	21.938	3.67553
	25.4305	3.82303
	25.5856	4.1505
	21.5906	3.8718
	18.0474	4.9296
	12.6815	3.76151
	36.0576	3.94473
-----------------------------------
-----------------------------------
Config:
	Run:T1.exe
	Dimension:	30
	Precizion:	5
	Function:	3
	Method:	1
Date:	Thu Oct 28 22:39:37 2021

Duration:	556.783s
Mean:	71.6298
Deviation	12.2777
Count:	30
Max:	97.0841
Min:	33.9372
Mean Time:	18.5572 s
Rec:	
	value	time (s)
	81.0831	28.4239
	88.1601	18.6069
	58.1495	15.724
	56.1198	15.7932
	74.7359	17.0538
	81.2384	16.6483
	65.04	16.3632
	85.6629	17.1981
	85.5251	17.1083
	56.7768	17.2014
	64.5057	24.1561
	75.6975	31.0653
	80.6417	28.345
	87.1446	17.7428
	56.7405	17.4189
	59.1258	17.3174
	84.9652	17.6662
	78.1772	17.883
	59.6075	17.575
	97.0841	18.5777
	33.9372	16.7403
	82.0528	17.5784
	56.4373	17.2673
	70.6521	17.5089
	62.6488	16.1196
	69.7053	16.8723
	61.9475	16.2929
	86.356	16.8135
	90.0884	17.2827
	58.8884	16.3712
-----------------------------------
