-----------------------------------
Config:
	Run:T1.exe
	Dimension:	5
	Precizion:	5
	Function:	1
	Method:	2
Date:	Thu Oct 28 22:38:35 2021

Duration:	31.4594s
Mean:	1.1921e-10
Deviation	0
Count:	30
Max:	1.1921e-10
Min:	1.1921e-10
Mean Time:	1.04745 s
Rec:	
	value	time (s)
	1.1921e-10	1.93593
	1.1921e-10	0.996073
	1.1921e-10	0.972025
	1.1921e-10	0.954322
	1.1921e-10	1.01581
	1.1921e-10	0.977805
	1.1921e-10	0.985885
	1.1921e-10	0.939861
	1.1921e-10	1.00924
	1.1921e-10	1.021
	1.1921e-10	0.941329
	1.1921e-10	1.02632
	1.1921e-10	1.29892
	1.1921e-10	1.19168
	1.1921e-10	1.01745
	1.1921e-10	0.945106
	1.1921e-10	1.11912
	1.1921e-10	1.01165
	1.1921e-10	1.03285
	1.1921e-10	0.980911
	1.1921e-10	1.01158
	1.1921e-10	0.985213
	1.1921e-10	1.0975
	1.1921e-10	0.988984
	1.1921e-10	0.999088
	1.1921e-10	1.007
	1.1921e-10	1.00044
	1.1921e-10	0.963427
	1.1921e-10	1.02531
	1.1921e-10	0.971748
-----------------------------------
-----------------------------------
Config:
	Run:T1.exe
	Dimension:	10
	Precizion:	5
	Function:	1
	Method:	2
Date:	Thu Oct 28 22:40:04 2021

Duration:	88.3299s
Mean:	2.38419e-10
Deviation	0
Count:	30
Max:	2.38419e-10
Min:	2.38419e-10
Mean Time:	2.94295 s
Rec:	
	value	time (s)
	2.38419e-10	4.92018
	2.38419e-10	2.79295
	2.38419e-10	2.71107
	2.38419e-10	2.70564
	2.38419e-10	2.7667
	2.38419e-10	2.90086
	2.38419e-10	3.03761
	2.38419e-10	2.82965
	2.38419e-10	3.15419
	2.38419e-10	3.09705
	2.38419e-10	2.91433
	2.38419e-10	2.80748
	2.38419e-10	3.06916
	2.38419e-10	2.79301
	2.38419e-10	2.78685
	2.38419e-10	2.61513
	2.38419e-10	2.69923
	2.38419e-10	2.81829
	2.38419e-10	2.7274
	2.38419e-10	2.80654
	2.38419e-10	2.87661
	2.38419e-10	2.8239
	2.38419e-10	2.95225
	2.38419e-10	2.80854
	2.38419e-10	2.81371
	2.38419e-10	2.90765
	2.38419e-10	3.01751
	2.38419e-10	3.15051
	2.38419e-10	3.01078
	2.38419e-10	2.9736
-----------------------------------
-----------------------------------
Config:
	Run:T1.exe
	Dimension:	30
	Precizion:	5
	Function:	1
	Method:	2
Date:	Thu Oct 28 22:48:00 2021

Duration:	476.643s
Mean:	7.15257e-10
Deviation	0
Count:	30
Max:	7.15257e-10
Min:	7.15257e-10
Mean Time:	15.8859 s
Rec:	
	value	time (s)
	7.15257e-10	22.6611
	7.15257e-10	16.6436
	7.15257e-10	15.8003
	7.15257e-10	14.7372
	7.15257e-10	13.9061
	7.15257e-10	15.9746
	7.15257e-10	16.0492
	7.15257e-10	14.2113
	7.15257e-10	15.84
	7.15257e-10	14.466
	7.15257e-10	16.8314
	7.15257e-10	17.4272
	7.15257e-10	16.0465
	7.15257e-10	14.0954
	7.15257e-10	16.303
	7.15257e-10	16.1956
	7.15257e-10	13.9063
	7.15257e-10	14.3524
	7.15257e-10	15.562
	7.15257e-10	19.4795
	7.15257e-10	18.6431
	7.15257e-10	16.2337
	7.15257e-10	15.2802
	7.15257e-10	14.8408
	7.15257e-10	14.5588
	7.15257e-10	13.906
	7.15257e-10	14.8947
	7.15257e-10	16.5653
	7.15257e-10	13.7138
	7.15257e-10	17.4506
-----------------------------------
