-----------------------------------
Config:
	Run:T1.exe
	Dimension:	5
	Precizion:	5
	Function:	1
	Method:	1
Date:	Thu Oct 28 22:28:33 2021

Duration:	30.6366s
Mean:	1.1921e-10
Deviation	0
Count:	30
Max:	1.1921e-10
Min:	1.1921e-10
Mean Time:	1.01999 s
Rec:	
	value	time (s)
	1.1921e-10	2.16187
	1.1921e-10	0.993124
	1.1921e-10	1.01408
	1.1921e-10	1.05007
	1.1921e-10	1.00726
	1.1921e-10	1.0209
	1.1921e-10	0.968641
	1.1921e-10	0.933851
	1.1921e-10	0.951333
	1.1921e-10	0.907809
	1.1921e-10	0.983694
	1.1921e-10	1.06964
	1.1921e-10	0.960842
	1.1921e-10	0.972133
	1.1921e-10	0.983565
	1.1921e-10	0.957833
	1.1921e-10	0.881039
	1.1921e-10	1.0582
	1.1921e-10	0.990322
	1.1921e-10	1.01657
	1.1921e-10	0.945115
	1.1921e-10	0.991533
	1.1921e-10	0.972007
	1.1921e-10	0.894294
	1.1921e-10	0.904202
	1.1921e-10	1.03202
	1.1921e-10	1.01531
	1.1921e-10	0.989702
	1.1921e-10	0.978198
	1.1921e-10	0.99447
-----------------------------------
-----------------------------------
Config:
	Run:T1.exe
	Dimension:	10
	Precizion:	5
	Function:	1
	Method:	1
Date:	Thu Oct 28 22:30:00 2021

Duration:	87.0314s
Mean:	2.38419e-10
Deviation	0
Count:	30
Max:	2.38419e-10
Min:	2.38419e-10
Mean Time:	2.89976 s
Rec:	
	value	time (s)
	2.38419e-10	4.75479
	2.38419e-10	2.57136
	2.38419e-10	2.59083
	2.38419e-10	2.64707
	2.38419e-10	2.74086
	2.38419e-10	2.72628
	2.38419e-10	2.73848
	2.38419e-10	2.65017
	2.38419e-10	2.73945
	2.38419e-10	2.70399
	2.38419e-10	2.73486
	2.38419e-10	2.68612
	2.38419e-10	2.72681
	2.38419e-10	2.64851
	2.38419e-10	2.97236
	2.38419e-10	2.63145
	2.38419e-10	2.69167
	2.38419e-10	2.8025
	2.38419e-10	2.64488
	2.38419e-10	2.65515
	2.38419e-10	2.67003
	2.38419e-10	2.67204
	2.38419e-10	2.79261
	2.38419e-10	2.81719
	2.38419e-10	3.03076
	2.38419e-10	3.74423
	2.38419e-10	3.13321
	2.38419e-10	3.39835
	2.38419e-10	3.45748
	2.38419e-10	3.21939
-----------------------------------
-----------------------------------
Config:
	Run:T1.exe
	Dimension:	30
	Precizion:	5
	Function:	1
	Method:	1
Date:	Thu Oct 28 22:38:04 2021

Duration:	483.888s
Mean:	7.15257e-10
Deviation	0
Count:	30
Max:	7.15257e-10
Min:	7.15257e-10
Mean Time:	16.1225 s
Rec:	
	value	time (s)
	7.15257e-10	25.7003
	7.15257e-10	16.6466
	7.15257e-10	17.3975
	7.15257e-10	13.9442
	7.15257e-10	13.429
	7.15257e-10	13.4269
	7.15257e-10	14.8154
	7.15257e-10	14.2984
	7.15257e-10	13.706
	7.15257e-10	14.4162
	7.15257e-10	14.4274
	7.15257e-10	14.6731
	7.15257e-10	15.0324
	7.15257e-10	20.6636
	7.15257e-10	25.2951
	7.15257e-10	27.3145
	7.15257e-10	16.468
	7.15257e-10	15.0977
	7.15257e-10	14.8403
	7.15257e-10	14.4592
	7.15257e-10	14.929
	7.15257e-10	14.5811
	7.15257e-10	15.1712
	7.15257e-10	14.7711
	7.15257e-10	14.8042
	7.15257e-10	14.9095
	7.15257e-10	14.7876
	7.15257e-10	14.8835
	7.15257e-10	14.464
	7.15257e-10	14.3235
-----------------------------------
