-----------------------------------
Config:
	Run:T1.exe
	Dimension:	5
	Precizion:	5
	Function:	2
	Method:	2
Date:	Thu Oct 28 22:46:00 2021

Duration:	61.3613s
Mean:	-1691.02
Deviation	173.356
Count:	30
Max:	-1147.09
Min:	-2094.6
Mean Time:	2.04405 s
Rec:	
	value	time (s)
	-1873.18	3.45678
	-1976.37	2.03663
	-1588.02	1.90848
	-1705.35	2.10338
	-1735.09	1.82056
	-1619.64	2.07049
	-1701.34	2.55524
	-1598.71	1.93283
	-1376.43	2.25095
	-1941.44	2.35512
	-1503.81	2.35984
	-2026.13	2.31703
	-1707.97	2.10697
	-1737.18	2.55323
	-1810.42	1.88479
	-1611.09	1.79966
	-1462.94	1.94784
	-1854.01	1.96743
	-1929.45	2.41941
	-1703.95	1.78494
	-1501.41	1.45833
	-1342.89	1.53007
	-1147.09	1.716
	-1695.39	1.55567
	-1592.35	2.12744
	-1795.4	1.94444
	-2094.6	1.93098
	-1469.89	2.16149
	-2060.47	1.72209
	-1568.7	1.54349
-----------------------------------
-----------------------------------
Config:
	Run:T1.exe
	Dimension:	10
	Precizion:	5
	Function:	2
	Method:	2
Date:	Thu Oct 28 22:48:29 2021

Duration:	148.815s
Mean:	-3290.46
Deviation	254.338
Count:	30
Max:	-2740.35
Min:	-3821.41
Mean Time:	4.95937 s
Rec:	
	value	time (s)
	-3599.05	7.64928
	-2970.6	4.94177
	-3395.01	5.16982
	-3327.4	4.63706
	-2888.7	4.60798
	-3177.27	4.75394
	-3415.15	4.52109
	-3172.15	4.50724
	-3536.72	4.74448
	-2942.9	4.39372
	-3584.04	4.32146
	-2777.31	4.61452
	-2740.35	4.53998
	-2758.37	4.60121
	-3071.73	4.90453
	-3821.41	6.11327
	-3500.15	5.16628
	-3802.36	4.46894
	-3361.54	4.50111
	-2973.6	4.28071
	-3580.02	4.37794
	-2984.09	4.7113
	-3705.69	5.676
	-3373.58	5.98883
	-3422.19	5.82779
	-3315.85	4.5147
	-3421.61	4.83699
	-3429.55	4.80755
	-3452.03	5.29328
	-3213.4	5.30822
-----------------------------------
-----------------------------------
Config:
	Run:T1.exe
	Dimension:	30
	Precizion:	5
	Function:	2
	Method:	2
Date:	Thu Oct 28 22:59:47 2021

Duration:	677.493s
Mean:	-9930.72
Deviation	378.224
Count:	30
Max:	-8711.65
Min:	-10889.8
Mean Time:	22.5819 s
Rec:	
	value	time (s)
	-9671.99	37.9479
	-9745.08	27.5762
	-10352.4	22.9757
	-9371.11	22.9898
	-9690.82	23.3255
	-10117.1	24.4573
	-10174.1	22.8446
	-10011.5	25.2735
	-9667.54	23.1257
	-10048.5	20.361
	-9646.47	20.4729
	-10235.7	21.3992
	-10142.5	24.1192
	-8711.65	20.7853
	-10148.6	20.7425
	-10025.1	20.7607
	-10079.6	20.6681
	-10673.5	21.8344
	-9476.38	20.5716
	-9485	20.8688
	-8832.7	22.4023
	-9947.08	21.1414
	-10889.8	21.9715
	-9292.77	20.4438
	-9903.81	20.8733
	-10252.5	20.5733
	-10096.1	20.8622
	-10199.5	20.8636
	-10183	20.8324
	-10849.8	24.3946
-----------------------------------
