-----------------------------------
Config:
	Run:T1.exe
	Dimension:	5
	Precizion:	5
	Function:	3
	Method:	3
Date:	Thu Oct 28 22:51:17 2021

Duration:	14.3032s
Mean:	5.77603
Deviation	3.2925
Count:	30
Max:	14.9942
Min:	9.55942e-06
Mean Time:	0.475621 s
Rec:	
	value	time (s)
	2.23586	0.790325
	12.0827	0.470527
	10.9497	0.444335
	4.22578	0.5263
	6.21062	0.471792
	2.23587	0.474277
	1.98994	0.507641
	7.68732	0.464108
	11.0708	0.460609
	14.9942	0.451026
	2.98492	0.418284
	9.2157	0.456333
	9.55942e-06	0.425955
	12.9948	0.446834
	2.98997	0.449317
	8.6309	0.447315
	8.15422	0.452751
	3.22577	0.415899
	1.23583	0.524536
	6.96978	0.450456
	6.96979	0.437448
	3.46662	0.440857
	2.23085	0.434047
	7.23084	0.416247
	0.994985	0.524721
	2.9849	0.558398
	6.92344	0.477957
	1.98997	0.454752
	5.94331	0.48999
	4.46158	0.485592
-----------------------------------
-----------------------------------
Config:
	Run:T1.exe
	Dimension:	10
	Precizion:	5
	Function:	3
	Method:	3
Date:	Thu Oct 28 22:51:35 2021

Duration:	17.2724s
Mean:	10.6359
Deviation	3.26899
Count:	30
Max:	21.5704
Min:	2.98491
Mean Time:	0.57465 s
Rec:	
	value	time (s)
	7.68733	0.927092
	14.1905	0.543937
	5.97484	0.571035
	15.6521	0.592267
	14.9383	0.557332
	7.45153	0.555057
	5.22078	0.578692
	6.46161	0.566426
	8.68229	0.53836
	6.92351	0.588692
	11.8882	0.566455
	14.119	0.569011
	2.98491	0.531081
	11.4314	0.607812
	8.20059	0.5459
	8.68733	0.527324
	7.20565	0.523638
	15.6057	0.546323
	16.3548	0.58305
	14.119	0.550414
	11.1392	0.550852
	8.14921	0.516109
	9.68231	0.599224
	21.5704	0.577796
	14.4314	0.553588
	10.38	0.557541
	10.4415	0.620988
	9.19555	0.532499
	8.44649	0.603036
	11.8617	0.557982
-----------------------------------
-----------------------------------
Config:
	Run:T1.exe
	Dimension:	30
	Precizion:	5
	Function:	3
	Method:	3
Date:	Thu Oct 28 22:52:07 2021

Duration:	32.6192s
Mean:	35.54
Deviation	6.60112
Count:	30
Max:	50.7141
Min:	21.0826
Mean Time:	1.08621 s
Rec:	
	value	time (s)
	30.5706	1.31201
	43.6743	1.00218
	41.9354	1.02125
	27.1289	0.991473
	36.494	1.37601
	35.4572	1.2703
	42.5615	1.1964
	32.9757	1.05787
	46.5001	1.01437
	28.3193	1.11935
	45.9153	1.12034
	29.4324	1.07515
	37.2229	1.08714
	26.5803	1.02588
	22.8265	1.03141
	36.2579	1.1373
	30.4527	1.03681
	23.2733	1.09746
	21.0826	0.949661
	37.2326	1.0756
	44.1961	1.17402
	40.3256	1.07494
	22.6775	1.23429
	33.7294	1.04167
	40.8125	1.03944
	50.7141	1.11242
	38.2418	0.964662
	47.9717	0.924561
	34.0372	1.04747
	37.6015	0.974903
-----------------------------------
