-----------------------------------
Config:
	Run:T1.exe
	Dimension:	5
	Precizion:	5
	Function:	1
	Method:	3
Date:	Thu Oct 28 22:48:17 2021

Duration:	16.1529s
Mean:	2.20172e-05
Deviation	7.5917e-06
Count:	30
Max:	4.10418e-05
Min:	6.80841e-06
Mean Time:	0.537142 s
Rec:	
	value	time (s)
	2.58814e-05	0.905587
	1.30828e-05	0.511299
	1.89603e-05	0.596888
	2.29101e-05	0.907882
	2.0177e-05	0.686772
	1.41969e-05	0.544244
	3.46447e-05	0.569797
	1.16739e-05	0.452295
	3.18724e-05	0.475604
	2.28267e-05	0.458617
	1.92287e-05	0.43536
	3.90854e-05	0.501898
	1.59515e-05	0.474373
	2.40013e-05	0.478254
	2.7494e-05	0.475969
	8.12601e-06	0.54357
	1.6781e-05	0.560623
	2.56517e-05	0.466029
	1.91322e-05	0.497984
	2.1961e-05	0.455197
	6.80841e-06	0.560396
	1.42805e-05	0.488712
	3.56209e-05	0.464179
	1.58199e-05	0.528885
	7.69648e-06	0.556944
	3.37322e-05	0.435857
	3.28388e-05	0.61677
	2.45147e-05	0.483742
	4.10418e-05	0.519867
	1.45229e-05	0.460662
-----------------------------------
-----------------------------------
Config:
	Run:T1.exe
	Dimension:	10
	Precizion:	5
	Function:	1
	Method:	3
Date:	Thu Oct 28 22:48:37 2021

Duration:	20.3695s
Mean:	0.00027747
Deviation	0.00042627
Count:	30
Max:	0.00667152
Min:	1.93452e-05
Mean Time:	0.677686 s
Rec:	
	value	time (s)
	1.93452e-05	0.95614
	5.53077e-05	0.659987
	4.30301e-05	0.774613
	4.7709e-05	0.67973
	7.19145e-05	0.715767
	4.39735e-05	0.645164
	6.40816e-05	0.785937
	5.58653e-05	0.747013
	4.20184e-05	0.683495
	5.66623e-05	0.827959
	8.30969e-05	0.81359
	6.65514e-05	0.974987
	5.99165e-05	0.594141
	6.70709e-05	0.630999
	2.30325e-05	0.613746
	4.53258e-05	0.626894
	0.000113385	0.719529
	4.44232e-05	0.58713
	6.5455e-05	0.620822
	7.3938e-05	0.557425
	3.90594e-05	0.571753
	7.97522e-05	0.585614
	7.70458e-05	0.580507
	4.04687e-05	0.663789
	7.86905e-05	0.606567
	5.65757e-05	0.607305
	0.00667152	0.639155
	5.94324e-05	0.600154
	4.08914e-05	0.639842
	3.85642e-05	0.620812
-----------------------------------
-----------------------------------
Config:
	Run:T1.exe
	Dimension:	30
	Precizion:	5
	Function:	1
	Method:	3
Date:	Thu Oct 28 22:49:08 2021

Duration:	30.9081s
Mean:	0.000170789
Deviation	2.53097e-05
Count:	30
Max:	0.000238253
Min:	0.000113091
Mean Time:	1.02858 s
Rec:	
	value	time (s)
	0.000139518	1.45128
	0.000227054	0.92902
	0.000185875	0.931689
	0.000148585	0.899698
	0.000193907	0.9741
	0.000175769	0.944884
	0.000148685	0.900168
	0.000149198	0.915609
	0.000147856	0.870817
	0.000213386	0.783922
	0.000184257	0.960634
	0.000238253	1.14121
	0.000145312	1.19069
	0.000181579	1.12332
	0.000170873	1.28084
	0.000154892	1.18382
	0.000159237	1.2148
	0.000185662	1.17807
	0.000207061	1.05952
	0.00018731	1.09227
	0.000194127	1.10577
	0.000206434	1.41906
	0.000113091	1.05653
	0.000145216	0.966799
	0.000124582	0.878344
	0.000123404	0.85199
	0.000144047	0.903297
	0.000167783	0.855198
	0.000171422	0.87131
	0.000189309	0.922779
-----------------------------------
