-----------------------------------
Config:
	Run:T1.exe
	Dimension:	5
	Precizion:	5
	Function:	3
	Method:	2
Date:	Thu Oct 28 22:40:12 2021

Duration:	35.3171s
Mean:	8.79537
Deviation	3.44267
Count:	30
Max:	20.1584
Min:	2.47165
Mean Time:	1.17612 s
Rec:	
	value	time (s)
	3.97983	2.01337
	8.95462	1.17172
	6.91334	1.03191
	6.21062	1.1324
	7.1542	1.1385
	4.92342	1.11839
	5.47168	1.04181
	13.8982	1.0962
	11.0827	1.10634
	5.94331	1.22351
	7.1542	1.12824
	10.898	1.00971
	9.14412	1.14531
	15.3749	1.05236
	9.14917	1.25822
	9.92345	1.17001
	5.91838	1.0927
	4.46157	1.29014
	5.92343	1.12723
	20.1584	1.21978
	11.1391	1.26497
	6.21061	1.08988
	16.2205	1.20334
	11.4263	1.2065
	2.47165	1.16541
	7.90829	1.09315
	3.22574	0.991102
	5.21565	1.40837
	8.95462	1.17408
	18.4512	1.11888
-----------------------------------
-----------------------------------
Config:
	Run:T1.exe
	Dimension:	10
	Precizion:	5
	Function:	3
	Method:	2
Date:	Thu Oct 28 22:41:57 2021

Duration:	104.654s
Mean:	18.1096
Deviation	5.66287
Count:	30
Max:	32.7083
Min:	8.15421
Mean Time:	3.48741 s
Rec:	
	value	time (s)
	15.8368	5.53265
	20.7085	3.21704
	15.0675	3.12871
	21.7651	3.13163
	8.94256	3.33252
	28.165	3.19779
	11.9395	4.36415
	19.9182	3.85499
	14.873	3.81445
	12.38	4.05006
	21.903	3.5287
	12.6158	3.01321
	32.7083	3.46489
	25.9658	3.4742
	16.3749	3.17416
	31.8778	3.22402
	14.8929	3.25485
	14.3598	2.83107
	10.9181	3.12645
	20.7914	2.85543
	13.1438	3.08286
	8.15421	3.27405
	20.1026	3.71504
	32.6795	3.204
	8.4414	3.54008
	14.3598	3.75563
	14.6057	3.90312
	25.6735	3.18651
	16.5906	4.11263
	17.5341	3.27754
-----------------------------------
-----------------------------------
Config:
	Run:T1.exe
	Dimension:	30
	Precizion:	5
	Function:	3
	Method:	2
Date:	Thu Oct 28 22:51:03 2021

Duration:	546.06s
Mean:	63.8392
Deviation	6.86369
Count:	30
Max:	82.4236
Min:	50.4429
Mean Time:	18.2001 s
Rec:	
	value	time (s)
	57.639	24.875
	53.5611	17.4485
	58.8837	18.7418
	57.9214	20.9524
	51.7619	18.427
	82.4236	17.2723
	67.3275	19.7956
	63.6293	17.0962
	63.5496	17.0286
	66.7103	18.4719
	51.0066	24.1412
	63.506	19.6311
	71.7668	18.9545
	73.2429	17.9272
	71.6501	17.5987
	69.9405	17.0761
	65.9452	19.4712
	64.647	16.6187
	55.9927	19.2947
	62.2235	18.7961
	78.2548	18.8176
	54.4697	18.2757
	71.0489	17.6757
	63.1621	18.9463
	71.4122	15.4509
	52.7156	15.5128
	58.0075	15.0141
	50.4429	15.2957
	66.094	15.329
	76.2409	16.067
-----------------------------------
